1000003
5000011
8000027
12000037
15000047
18000053
21000061
25000079
28000097
32000113
35000129
38000143
42000157
45000173
48000191
52000207
55000223
58000241
62000257
65000271
68000287
72000301
75000317
78000331
82000347
85000363
88000379
92000393
95000407
98000423
102000437
105000451
108000467
112000481
115000499
118000513
122000527
125000543
128000557
132000571
135000587
138000601
142000617
145000631
148000647
152000661
155000677
158000691
162000707
165000721
168000737
172000751
175000767
178000781
182000797
185000811
188000827
192000841
195000857
198000871
202000887
205000901
208000917
212000931
215000947
218000961
222000977
225000991
228001007
232001021
235001037
238001051
242001067
245001081
248001097
252001111
255001127
258001141
262001157
265001171
268001187
272001201
275001217
278001231
298001321
302001337
305001351
308001367
312001381
315001397
318001411
322001427
325001441
328001457
332001471
335001487
338001501
342001517
345001531
348001547