1000000007
1500000011
2000000029
2500000037
3000000043
3500000059
4000000061
4500000073
5000000087
5500000099
10000000019
25000000033
40000000057
55000000079
70000000103
85000000127
100000000151
115000000181
130000000199
145000000223
100000000003
250000000039
400000000063
550000000087
700000000109
850000000139
1000000000157
1150000000173
1300000000199
1450000000229
1000000000039
2500000000067
4000000000089
5500000000123
7000000000151
8500000000187
10000000000211
11500000000239
13000000000263
14500000000289
10000000000031
25000000000049
40000000000073
55000000000097
70000000000121
85000000000149
100000000000171
115000000000199
130000000000229
145000000000253
1000000000000037
2500000000000061
4000000000000087
5500000000000109
7000000000000133
8500000000000157
10000000000000169
11500000000000193
13000000000000217
14500000000000241
10000000000000061
25000000000000091
40000000000000121
55000000000000149
70000000000000181
85000000000000211
100000000000000231
115000000000000267
130000000000000297
145000000000000329
1000000000000000039
2500000000000000067
4000000000000000091
5500000000000000123
7000000000000000157
8500000000000000189
10000000000000000211
11500000000000000239
13000000000000000269
14500000000000000299
10000000000000000051
25000000000000000087
40000000000000000121
55000000000000000157
70000000000000000191
85000000000000000229
100000000000000000263
115000000000000000297
130000000000000000331
145000000000000000367
100000000000000000091
250000000000000000129
400000000000000000171
550000000000000000213
700000000000000000253
850000000000000000297
1000000000000000000331
1150000000000000000367
1300000000000000000409
1450000000000000000451