1000081 1 0.001257200000000
2510279 1 0.000005000000000
4001237 0 0.000003600000000
5322029 0 0.000003700000000
7267229 0 0.000003000000000
8196421 0 0.000003600000000
12345701 0 0.000003100000000
23456789 0 0.000003500000000
32459731 0 0.000003200000000
46502903 0 0.000003100000000
56789237 0 0.000003000000000
68108627 0 0.000003100000000
79830173 0 0.000003000000000
86027999 0 0.000003100000000
94358419 0 0.000003000000000
102345689 0 0.000003100000000
112358447 0 0.000003600000000
122957033 0 0.000003000000000
130403323 0 0.000003100000000
141650939 0 0.000003100000000
152347249 0 0.000003600000000
162347371 0 0.000003500000000
172347787 0 0.000004000000000
182347303 0 0.000003000000000
192346477 0 0.000003100000000
202347421 0 0.000003000000000
212348153 0 0.000003000000000
222347413 0 0.000003200000000
232348033 0 0.000003100000000
242347283 0 0.000003100000000
252347243 0 0.000003100000000
262348253 0 0.000003100000000
272347609 0 0.000003700000000
282347749 0 0.000003200000000
292347443 0 0.000003200000000
302347807 0 0.000003100000000
312348187 0 0.000003000000000
322347271 0 0.000003200000000
332345677 0 0.000003000000000
342347879 0 0.000003100000000
352345687 0 0.000003100000000
362345677 0 0.000003100000000
372347683 0 0.000003100000000
382345687 0 0.000003000000000
392345689 0 0.000003100000000
402345677 0 0.000003100000000
412346989 0 0.000003100000000
422347319 0 0.000003100000000
432345689 0 0.000004400000000
442347359 0 0.000003200000000
452347327 0 0.000003100000000
462348583 0 0.000003100000000
472347191 0 0.000003200000000
482347331 0 0.000003100000000
492347483 0 0.000003100000000
502347277 0 0.000003100000000
512347133 0 0.000003200000000
522346943 0 0.000003100000000
532347997 0 0.000003000000000
542347321 0 0.000003000000000
552347407 0 0.000003100000000
562345687 0 0.000004200000000
572345677 0 0.000003200000000
582346649 0 0.000003000000000
592347229 0 0.000003600000000
602347183 0 0.000003100000000
612346541 0 0.000003100000000
622346521 0 0.000003100000000
632345677 0 0.000003100000000
642345689 0 0.000003100000000
652346581 0 0.000003200000000
662346397 0 0.000003100000000
672347191 0 0.000003000000000
682347613 0 0.000003200000000
692346427 0 0.000003100000000
702345923 0 0.000003100000000
712346759 0 0.000003100000000
722345677 0 0.000003200000000
732345689 0 0.000003200000000
742346197 0 0.000003100000000
752347399 0 0.000003600000000
762347057 0 0.000003100000000
772346147 0 0.000003100000000
782347147 0 0.000003100000000
792345689 0 0.000003100000000
802347809 0 0.000003200000000
812347709 0 0.000003100000000
822346709 0 0.000003000000000
832346887 0 0.000003100000000
842347049 0 0.000003000000000
852346727 0 0.000003100000000
862346767 0 0.000003200000000
872346707 0 0.000003100000000
882347173 0 0.000003300000000
892347271 0 0.000003100000000
902347571 0 0.000003100000000
912348389 0 0.000003800000000
922345687 0 0.000003100000000
932347253 0 0.000003100000000
999999937 0 0.000003100000000
