1000000007
1000000009
1000000021
1000000033
1000000087
1000000093
1000000097
1000000103
1000000123
1000000181
1000000207
10000000019
10000000033
10000000061
10000000069
10000000097
10000000103
10000000121
10000000141
10000000147
10000000207
10000000259
100000000003
100000000019
100000000057
100000000063
100000000069
100000000073
100000000091
100000000103
100000000129
100000000171
100000000183
1000000000039
1000000000061
1000000000063
1000000000091
1000000000121
1000000000163
1000000000169
1000000000177
1000000000189
1000000000193
1000000000211
10000000000037
10000000000051
10000000000099
10000000000129
10000000000183
10000000000259
10000000000267
10000000000273
10000000000279
10000000000283
10000000000313
100000000000031
100000000000067
100000000000097
100000000000099
100000000000133
100000000000139
100000000000169
100000000000183
100000000000261
100000000000357
100000000000367
1000000000000037
1000000000000091
1000000000000159
1000000000000187
1000000000000223
1000000000000241
1000000000000249
1000000000000259
1000000000000273
1000000000000279
1000000000000297
10000000000000061
10000000000000069
10000000000000079
10000000000000099
10000000000000453
10000000000000481
10000000000000597
10000000000000613
10000000000000639
10000000000000669
10000000000000753
100000000000000003
100000000000000013
100000000000000019
100000000000000021
100000000000000049
100000000000000081
100000000000000099
100000000000000141
100000000000000181
100000000000000337
100000000000000339
1000000000000000003
1000000000000000009
1000000000000000031
1000000000000000079
1000000000000000177
1000000000000000183
1000000000000000201
1000000000000000283
1000000000000000381
1000000000000000387
1000000000000000507
