1000000007 1 0.000000200000000
1000000009 1 0.000000100000000
1000000021 1 0.000000000000000
1000000033 1 0.000000000000000
1000000087 1 0.000000100000000
1000000093 1 0.000000000000000
1000000097 1 0.000000100000000
1000000103 1 0.000000000000000
1000000123 1 0.000000100000000
1000000181 1 0.000000100000000
1000000207 1 0.000000000000000
10000000019 1 0.000000000000000
10000000033 1 0.000000100000000
10000000061 1 0.000000000000000
10000000069 1 0.000000100000000
10000000097 1 0.000000000000000
10000000103 1 0.000000000000000
10000000121 1 0.000000100000000
10000000141 1 0.000000000000000
10000000147 1 0.000000100000000
10000000207 1 0.000000100000000
10000000259 1 0.000000000000000
100000000003 1 0.000000100000000
100000000019 1 0.000000100000000
100000000057 1 0.000000100000000
100000000063 1 0.000000100000000
100000000069 1 0.000000100000000
100000000073 1 0.000000000000000
100000000091 1 0.000000100000000
100000000103 1 0.000000100000000
100000000129 1 0.000000100000000
100000000171 1 0.000000000000000
100000000183 1 0.000000100000000
1000000000039 1 0.000000100000000
1000000000061 1 0.000000100000000
1000000000063 1 0.000000200000000
1000000000091 1 0.000000100000000
1000000000121 1 0.000000000000000
1000000000163 1 0.000000100000000
1000000000169 1 0.000000100000000
1000000000177 1 0.000000100000000
1000000000189 1 0.000000000000000
1000000000193 1 0.000000100000000
1000000000211 1 0.000000200000000
10000000000037 1 0.000000200000000
10000000000051 1 0.000000100000000
10000000000099 1 0.000000100000000
10000000000129 1 0.000000100000000
10000000000183 1 0.000000100000000
10000000000259 1 0.000000100000000
10000000000267 1 0.000000200000000
10000000000273 1 0.000000200000000
10000000000279 1 0.000000100000000
10000000000283 1 0.000000100000000
10000000000313 1 0.000000100000000
100000000000031 1 0.000000200000000
100000000000067 1 0.000000200000000
100000000000097 1 0.000000100000000
100000000000099 1 0.000000100000000
100000000000133 1 0.000000100000000
100000000000139 1 0.000000100000000
100000000000169 1 0.000000100000000
100000000000183 1 0.000000100000000
100000000000261 1 0.000000100000000
100000000000357 1 0.000000100000000
100000000000367 1 0.000000100000000
1000000000000037 1 0.000000000000000
1000000000000091 1 0.000000100000000
1000000000000159 1 0.000000100000000
1000000000000187 1 0.000000100000000
1000000000000223 1 0.000000100000000
1000000000000241 1 0.000000100000000
1000000000000249 1 0.000000100000000
1000000000000259 1 0.000000100000000
1000000000000273 1 0.000000100000000
1000000000000279 1 0.000000100000000
1000000000000297 1 0.000000100000000
10000000000000061 1 0.000000100000000
10000000000000069 1 0.000000100000000
10000000000000079 1 0.000000100000000
10000000000000099 1 0.000000100000000
10000000000000453 1 0.000000100000000
10000000000000481 1 0.000000100000000
10000000000000597 1 0.000000000000000
10000000000000613 1 0.000000000000000
10000000000000639 1 0.000000100000000
10000000000000669 1 0.000000100000000
10000000000000753 1 0.000000100000000
100000000000000003 1 0.000000100000000
100000000000000013 1 0.000000100000000
100000000000000019 1 0.000000100000000
100000000000000021 1 0.000000100000000
100000000000000049 1 0.000000100000000
100000000000000081 1 0.000000200000000
100000000000000099 1 0.000000300000000
100000000000000141 1 0.000000100000000
100000000000000181 1 0.000000000000000
100000000000000337 1 0.000000100000000
100000000000000339 1 0.000000000000000
1000000000000000003 1 0.000000100000000
