1000000007 1 0.000031700000000
1000000009 1 0.000022000000000
1000000021 1 0.000022100000000
1000000033 1 0.000022300000000
1000000087 1 0.000023500000000
1000000093 1 0.000023600000000
1000000097 1 0.000024300000000
1000000103 1 0.000023100000000
1000000123 1 0.000023900000000
1000000181 1 0.000023300000000
1000000207 1 0.000023300000000
10000000019 1 0.000030200000000
10000000033 1 0.000029000000000
10000000061 1 0.000031400000000
10000000069 1 0.000029800000000
10000000097 1 0.000028600000000
10000000103 1 0.000032500000000
10000000121 1 0.000032200000000
10000000141 1 0.000031200000000
10000000147 1 0.000031500000000
10000000207 1 0.000031700000000
10000000259 1 0.000030800000000
100000000003 1 0.000034900000000
100000000019 1 0.000034900000000
100000000057 1 0.000035100000000
100000000063 1 0.000037000000000
100000000069 1 0.000034700000000
100000000073 1 0.000034700000000
100000000091 1 0.000036300000000
100000000103 1 0.000044300000000
100000000129 1 0.000035300000000
100000000171 1 0.000036300000000
100000000183 1 0.000037300000000
1000000000039 1 0.000043500000000
1000000000061 1 0.000042900000000
1000000000063 1 0.000044400000000
1000000000091 1 0.000043900000000
1000000000121 1 0.000043200000000
1000000000163 1 0.000043800000000
1000000000169 1 0.000041900000000
1000000000177 1 0.000042300000000
1000000000189 1 0.000043100000000
1000000000193 1 0.000038400000000
1000000000211 1 0.000044500000000
10000000000037 1 0.000057800000000
10000000000051 1 0.000058100000000
10000000000099 1 0.000058400000000
10000000000129 1 0.000055400000000
10000000000183 1 0.000059900000000
10000000000259 1 0.000057300000000
10000000000267 1 0.000057900000000
10000000000273 1 0.000056900000000
10000000000279 1 0.000065100000000
10000000000283 1 0.000059500000000
10000000000313 1 0.000059400000000
100000000000031 1 0.000076000000000
100000000000067 1 0.000073900000000
100000000000097 1 0.000073800000000
100000000000099 1 0.000075900000000
100000000000133 1 0.000072100000000
100000000000139 1 0.000075700000000
100000000000169 1 0.000075400000000
100000000000183 1 0.000076800000000
100000000000261 1 0.000086700000000
100000000000357 1 0.000096300000000
100000000000367 1 0.000078400000000
1000000000000037 1 0.000094900000000
1000000000000091 1 0.000097000000000
1000000000000159 1 0.000100900000000
1000000000000187 1 0.000097900000000
1000000000000223 1 0.000104400000000
1000000000000241 1 0.000097300000000
1000000000000249 1 0.000096700000000
1000000000000259 1 0.000097500000000
1000000000000273 1 0.000091100000000
1000000000000279 1 0.000098300000000
1000000000000297 1 0.000098400000000
10000000000000061 1 0.000122300000000
10000000000000069 1 0.000123300000000
10000000000000079 1 0.000128400000000
10000000000000099 1 0.000121100000000
10000000000000453 1 0.000121400000000
10000000000000481 1 0.000119600000000
10000000000000597 1 0.000127900000000
10000000000000613 1 0.000122900000000
10000000000000639 1 0.000128400000000
10000000000000669 1 0.000127600000000
10000000000000753 1 0.000121800000000
100000000000000003 1 0.000144000000000
100000000000000013 1 0.000144500000000
100000000000000019 1 0.000149100000000
100000000000000021 1 0.000143400000000
100000000000000049 1 0.000144300000000
100000000000000081 1 0.000144600000000
100000000000000099 1 0.000145500000000
100000000000000141 1 0.000144800000000
100000000000000181 1 0.000146700000000
100000000000000337 1 0.000142800000000
100000000000000339 1 0.000147300000000
1000000000000000003 1 0.000181200000000
