1000000007 1 0.000006700000000
1000000009 1 0.000000100000000
1000000021 1 0.000000100000000
1000000033 1 0.000000100000000
1000000087 1 0.000000100000000
1000000093 1 0.000000100000000
1000000097 1 0.000000100000000
1000000103 1 0.000000000000000
1000000123 1 0.000000000000000
1000000181 1 0.000000100000000
1000000207 1 0.000000100000000
10000000019 0 0.000000000000000
10000000033 0 0.000000100000000
10000000061 0 0.000000100000000
10000000069 0 0.000000000000000
10000000097 0 0.000000000000000
10000000103 0 0.000000000000000
10000000121 0 0.000000100000000
10000000141 0 0.000000100000000
10000000147 0 0.000000100000000
10000000207 0 0.000000000000000
10000000259 0 0.000000000000000
100000000003 0 0.000000100000000
100000000019 0 0.000000100000000
100000000057 0 0.000000100000000
100000000063 0 0.000000100000000
100000000069 0 0.000000100000000
100000000073 0 0.000000100000000
100000000091 0 0.000000000000000
100000000103 0 0.000000100000000
100000000129 0 0.000000100000000
100000000171 0 0.000000100000000
100000000183 0 0.000000100000000
1000000000039 0 0.000000200000000
1000000000061 0 0.000000100000000
1000000000063 0 0.000000100000000
1000000000091 0 0.000000100000000
1000000000121 0 0.000000000000000
1000000000163 0 0.000000100000000
1000000000169 0 0.000000000000000
1000000000177 0 0.000000100000000
1000000000189 0 0.000000100000000
1000000000193 0 0.000000200000000
1000000000211 0 0.000000200000000
10000000000037 0 0.000000200000000
10000000000051 0 0.000000200000000
10000000000099 0 0.000000100000000
10000000000129 0 0.000000200000000
10000000000183 0 0.000000100000000
10000000000259 0 0.000000200000000
10000000000267 0 0.000000200000000
10000000000273 0 0.000000400000000
10000000000279 0 0.000000100000000
10000000000283 0 0.000000100000000
10000000000313 0 0.000000100000000
100000000000031 0 0.000000100000000
100000000000067 0 0.000000100000000
100000000000097 0 0.000000100000000
100000000000099 0 0.000000200000000
100000000000133 0 0.000000200000000
100000000000139 0 0.000000100000000
100000000000169 0 0.000000100000000
100000000000183 0 0.000000100000000
100000000000261 0 0.000000200000000
100000000000357 0 0.000000200000000
100000000000367 0 0.000000100000000
1000000000000037 0 0.000000500000000
1000000000000091 0 0.000000000000000
