1000081 1 0.000006
2510279 1 0.000000
4001237 1 0.000000
5322029 1 0.000000
7267229 1 0.000000
8196421 1 0.000000
12345701 1 0.000000
23456789 1 0.000000
32459731 1 0.000000
46502903 1 0.000000
56789237 1 0.000000
68108627 1 0.000000
79830173 1 0.000000
86027999 1 0.000000
94358419 1 0.000000
102345689 1 0.000000
112358447 1 0.000000
122957033 1 0.000000
130403323 1 0.000000
141650939 1 0.000000
152347249 1 0.000000
162347371 1 0.000000
172347787 1 0.000000
182347303 1 0.000000
192346477 1 0.000000
202347421 1 0.000000
212348153 1 0.000000
222347413 1 0.000000
232348033 1 0.000000
242347283 1 0.000000
252347243 1 0.000000
262348253 1 0.000000
272347609 1 0.000000
282347749 1 0.000000
292347443 1 0.000000
302347807 1 0.000000
312348187 1 0.000000
322347271 1 0.000000
332345677 1 0.000000
342347879 1 0.000000
352345687 1 0.000000
362345677 1 0.000000
372347683 1 0.000000
382345687 1 0.000000
392345689 1 0.000000
402345677 1 0.000000
412346989 1 0.000000
422347319 1 0.000000
432345689 1 0.000000
442347359 1 0.000000
452347327 1 0.000000
462348583 1 0.000000
472347191 1 0.000000
482347331 1 0.000000
492347483 1 0.000000
502347277 1 0.000000
512347133 1 0.000000
522346943 1 0.000000
532347997 1 0.000000
542347321 1 0.000000
552347407 1 0.000000
562345687 1 0.000000
572345677 1 0.000000
582346649 1 0.000000
592347229 1 0.000000
602347183 1 0.000000
612346541 1 0.000000
622346521 1 0.000000
632345677 1 0.000000
642345689 1 0.000000
652346581 1 0.000000
662346397 1 0.000000
672347191 1 0.000000
682347613 1 0.000000
692346427 1 0.000000
702345923 1 0.000000
712346759 1 0.000000
722345677 1 0.000000
732345689 1 0.000000
742346197 1 0.000000
752347399 1 0.000000
762347057 1 0.000000
772346147 1 0.000000
782347147 1 0.000000
792345689 1 0.000000
802347809 1 0.000000
812347709 1 0.000000
822346709 1 0.000000
832346887 1 0.000000
842347049 1 0.000000
852346727 1 0.000000
862346767 1 0.000000
872346707 1 0.000000
882347173 1 0.000000
892347271 1 0.000000
902347571 1 0.000000
912348389 1 0.000000
922345687 1 0.000000
932347253 1 0.000000
999999937 1 0.000000
