1000081
2500457
4001237
5502781
7004567
8500913
12345701
23456789
34567897
45678923
56789237
67892347
78923459
89234567
91234567
102345689
112358447
122345677
132457699
142857143
152345687
162345679
172345687
182345677
192345689
202345679
212345689
222345677
232345687
242345677
252345689
262345687
272345677
282345689
292345687
302345679
312345677
322345687
332345677
342345689
352345687
362345677
372345689
382345687
392345689
402345677
412345687
422345677
432345689
442345687
452345677
462345689
472345687
482345677
492345689
502345687
512345677
522345689
532345687
542345677
552345689
562345687
572345677
582345689
592345687
602345677
612345689
622345687
632345677
642345689
652345687
662345677
672345689
682345687
692345677
702345689
712345687
722345677
732345689
742345687
752345677
762345689
772345687
782345677
792345689
802345687
812345677
822345689
832345687
842345677
852345689
862345687
872345677
882345689
892345687
902345677
912345689
922345687
932345677
942345689
952345687
962345677
972345689
982345687
992345677
999999937